182599
198792
205828
206680
208261
218735
227730
246345
257029
306088
282817
267424
323311
322328
324051
321989
325840
319312
317552
333634
308740
338926
306931
298800
336529
363309
375713
397484
409213
405122
414687
403595
384659
417878
361275
355618
354918
354596
365020
374842
375897
374978
356943
382641
377656
383835
389124
382774
376846
372896
369263
357010
338857
349589
341011
322373
309739
302559
305857
257314
238136
209038
183031
148147
132410
154147
156028
152029
152131
149740
141068
129976
126161
116660
113653
107414
100696
97964
96877
93079
85144
77998
69499
62847
53920
43570
36255
32111
27186
19909
15269
11964
9462
6605
5064
3927
2863
2325
1257
849
2001