0.00443 
0.00033 
0.00020 
0.00013 
0.00010 
0.00010 
0.00011 
0.00011 
0.00011 
0.00009 
0.00008 
0.00008 
0.00010 
0.00013 
0.00017 
0.00023 
0.00029 
0.00034 
0.00038 
0.00041 
0.00044 
0.00047 
0.00048 
0.00049 
0.00049 
0.00049 
0.00050 
0.00051 
0.00053 
0.00056 
0.00060 
0.00064 
0.00069 
0.00074 
0.00080 
0.00087 
0.00094 
0.00103 
0.00113 
0.00124 
0.00136 
0.00151 
0.00167 
0.00186 
0.00207 
0.00230 
0.00254 
0.00279 
0.00306 
0.00333 
0.00362 
0.00392 
0.00424 
0.00458 
0.00493 
0.00530 
0.00569 
0.00611 
0.00657 
0.00706 
0.00758 
0.00808 
0.00859 
0.00912 
0.00970 
0.01037 
0.01115 
0.01206 
0.01312 
0.01431 
0.01563 
0.01708 
0.01865 
0.02035 
0.02218 
0.02414 
0.02622 
0.02847 
0.03091 
0.03355 
0.03642 
0.03953 
0.04289 
0.04654 
0.05048 
