100000 
99547 
99515 
99493 
99478 
99466 
99457 
99448 
99440 
99431 
99423 
99414 
99404 
99391 
99374 
99353 
99326 
99293 
99255 
99214 
99171 
99125 
99078 
99030 
98980 
98930 
98878 
98826 
98772 
98718 
98663 
98606 
98547 
98484 
98416 
98342 
98260 
98170 
98068 
97955 
97827 
97685 
97526 
97349 
97154 
96939 
96704 
96447 
96167 
95864 
95536 
95182 
94802 
94393 
93956 
93487 
92986 
92451 
91881 
91274 
90627 
89938 
89211 
88442 
87629 
86768 
85853 
84875 
83826 
82699 
81485 
80176 
78764 
77244 
75610 
73858 
71989 
70003 
67899 
65676 
63334 
60875 
58302 
55619 
52833 
49953 